Сортировка Шелла
1место: 23  4  137  8  7
2место: 23  1  236  8  4
3место: 20  1  217  13  5
4место: 15  4  226  20  2
5место: 8  5  284  13  0
6место: 6  0  293  9  9
7место: 3  4  271  3  8
8место: 3  3  290  4  6
9место: 1  0  117  18  3
10место: 0  5  209  0  1

Пирамидальная сортировка
1место: 23  4  137  8  7
2место: 23  1  236  8  4
3место: 20  1  217  13  5
4место: 15  4  226  20  2
5место: 8  5  284  13  0
6место: 6  0  293  9  9
7место: 3  4  271  3  8
8место: 3  3  290  4  6
9место: 1  0  117  18  3
10место: 0  5  209  0  1
