Сортировка Шелла
1место: 25  4  150  9  1
2место: 24  2  150  18  4
3место: 24  0  68  13  9
4место: 22  2  226  6  6
5место: 21  2  84  4  0
6место: 11  4  267  0  8
7место: 11  2  260  2  2
8место: 11  0  213  6  3
9место: 4  5  111  1  5
10место: 0  4  257  14  7

Пирамидальная сортировка
1место: 25  4  150  9  1
2место: 24  2  150  18  4
3место: 24  0  68  13  9
4место: 22  2  226  6  6
5место: 21  2  84  4  0
6место: 11  4  267  0  8
7место: 11  2  260  2  2
8место: 11  0  213  6  3
9место: 4  5  111  1  5
10место: 0  4  257  14  7
